Accuracy=68.30188679245282 
Precision=68.32061068702289 
Recall=99.44444444444444